J = 1241.2631426527867
Rand = 0.24304536511054797

Protótipos
[ 692 1717 1743]
[ 692 1919 1918]
[ 692 1919 1918]
[ 692 1717 1605]
[ 692 1919 1890]
[1784 1717  168]
[ 692 1717 1743]
[ 692 1717 1743]
[ 692 1717 1918]
[ 692 1717 1890]

Pesos
[1.06378774 0.8707009  1.07963269]
[1.0638654  0.86886529 1.0818346 ]
[1.06386541 0.86886529 1.0818346 ]
[1.06738971 0.870684   1.07601029]
[1.06308739 0.87033281 1.08080085]
[1.07827788 0.85134092 1.08934589]
[1.06378774 0.8707009  1.07963269]
[1.06378775 0.8707009  1.07963268]
[1.06665813 0.86691422 1.08143052]
[1.0673803  0.86794148 1.07941977]

