J = 1241.4633368195161
Rand = 0.2371684206069759

Protótipos
[ 692 1919 1918]
[ 692 1919 1918]
[ 566 1919 1890]
[ 554 1717 1743]
[ 692 1717 1918]
[ 692 1717 1918]
[ 692 1717  168]
[ 692 1919 1918]
[ 692 1717 1743]
[1784 1717 1641]

Pesos
[1.06474263 0.8684162  1.08150229]
[1.06474261 0.86841621 1.08150229]
[1.06011213 0.86801014 1.08673436]
[1.06435097 0.86868858 1.08156102]
[1.06714104 0.86710629 1.08070171]
[1.06714104 0.86710629 1.08070171]
[1.06443547 0.8698214  1.08006669]
[1.06474261 0.86841621 1.08150229]
[1.06390952 0.87048699 1.07977439]
[1.07476995 0.86028835 1.08153467]

