J = 1241.480756202163
Rand = 0.28496508831924733

Protótipos
[ 692 1717 1743]
[ 554 1717 1605]
[ 692 1919 1918]
[ 692 1717 1743]
[ 692 1919 1918]
[ 566 1919 1890]
[1784 1611  168]
[ 692 1717 1918]
[ 692 1717 1743]
[ 692 1717 1890]

Pesos
[1.0641313  0.87075603 1.07921578]
[1.06736413 0.86889301 1.07825404]
[1.06334928 0.86886758 1.08235683]
[1.06413127 0.87075605 1.07921579]
[1.06334927 0.8688676  1.08235683]
[1.05897557 0.86988405 1.08555714]
[1.08463112 0.8478404  1.08743632]
[1.06644814 0.86641539 1.08226622]
[1.0641313  0.87075603 1.07921578]
[1.06743575 0.8678159  1.0795199 ]

