J = 1241.9917234563825
Rand = 0.26033282983611744

Protótipos
[ 692 1919 1890]
[ 692 1919 1890]
[ 692 1717 1605]
[ 692 1717 1918]
[ 692 1717 1743]
[1784 1717  168]
[1784 1611 1636]
[ 692  349 1890]
[ 692 1919 1918]
[ 692 1919 1918]

Pesos
[1.06376577 0.8716415  1.07848991]
[1.06376577 0.8716415  1.07848991]
[1.0671456  0.87154602 1.07519193]
[1.06646217 0.86783799 1.0804779 ]
[1.06342329 0.8714104  1.07912336]
[1.07618907 0.85385664 1.08824446]
[1.08148547 0.85400779 1.08272328]
[1.06453868 0.86998679 1.07975667]
[1.06382031 0.86954785 1.08103122]
[1.06382031 0.86954785 1.08103122]

