J = 1241.44406531445
Rand = 0.34489750547112796

Protótipos
[ 554 1717 1605]
[ 692 1919 1918]
[ 692 1717 1918]
[ 692 1919 1890]
[ 692 1919 1918]
[1784 1611  168]
[ 692 1919 1918]
[ 692 1717 1918]
[ 692 1919 1890]
[1784 1611 1743]

Pesos
[1.06700409 0.86986363 1.07741432]
[1.06346694 0.87026173 1.08050336]
[1.06620027 0.86836665 1.08008535]
[1.06181964 0.87112366 1.08110888]
[1.06346699 0.87026169 1.08050336]
[1.0820858  0.84961132 1.08772225]
[1.06346699 0.87026169 1.08050336]
[1.06620026 0.86836665 1.08008535]
[1.06181965 0.87112366 1.08110888]
[1.07516815 0.86023335 1.08120323]

