J = 1242.5623003890319
Rand = 0.2841307403074841

Protótipos
[ 692 1919 1890]
[1798   57   25]
[ 692 1919 1918]
[ 692 1717 1918]
[ 692 1919 1918]
[ 692 1919 1890]
[ 692 1717 1743]
[ 460 1919 1605]
[ 692 1717 1918]
[ 692 1717 1918]

Pesos
[1.06262643 0.87156253 1.07974409]
[1.10864823 0.82029833 1.09959917]
[1.06334531 0.86999145 1.08096267]
[1.0659585  0.86834411 1.08035836]
[1.06334536 0.86999142 1.08096266]
[1.06262643 0.87156252 1.0797441 ]
[1.06263806 0.87163184 1.07964642]
[1.06714768 0.87301976 1.07337482]
[1.06595852 0.8683441  1.08035836]
[1.06595852 0.8683441  1.08035836]

