J = 1241.1278588259077
Rand = 0.26553332346335723

Protótipos
[ 692 1717 1918]
[ 692 1919 1918]
[1784 1611  168]
[ 692 1717 1743]
[1784 1717 1605]
[ 692 1717 1918]
[ 692 1717 1743]
[ 692 1919 1918]
[ 692 1919 1918]
[ 566 1919 1890]

Pesos
[1.06668495 0.86769839 1.08042604]
[1.06387693 0.86970657 1.08077641]
[1.08310064 0.84907707 1.08738685]
[1.06355528 0.87119098 1.0792612 ]
[1.07180091 0.86442322 1.07934295]
[1.06668493 0.8676984  1.08042604]
[1.0635554  0.87119091 1.07926115]
[1.06387696 0.86970655 1.08077641]
[1.06387692 0.86970658 1.08077641]
[1.05954494 0.8686947  1.08645926]

