J = 1241.1925897342614
Rand = 0.24912038485690183

Protótipos
[ 554 1717 1605]
[ 692 1717 1918]
[ 692  349 1918]
[ 692 1717 1743]
[ 692 1717 1918]
[ 692 1717 1918]
[ 692 1717 1918]
[1784 1717  168]
[ 692 1919 1918]
[ 692 1717 1890]

Pesos
[1.06808815 0.86854955 1.07794921]
[1.06650486 0.86809899 1.08010982]
[1.06405272 0.86799808 1.08272482]
[1.06288348 0.87107692 1.08008476]
[1.06650486 0.86809899 1.08010982]
[1.06650486 0.86809899 1.08010982]
[1.06650486 0.86809899 1.08010982]
[1.07657718 0.85255752 1.0895098 ]
[1.06335389 0.87061533 1.08017934]
[1.06546921 0.86758008 1.08180634]

