J = 1241.639359583526
Rand = 0.2923096648050595

Protótipos
[ 692  349 1918]
[ 692 1919 1918]
[1784 1611 1636]
[1784 1717 1636]
[ 692 1919 1890]
[ 566 1919 1890]
[ 692 1717 1918]
[ 692 1717 1743]
[ 692 1919 1918]
[ 692 1717 1918]

Pesos
[1.06498078 0.86742537 1.08249552]
[1.06461115 0.8695329  1.08024675]
[1.08268865 0.85341431 1.08227218]
[1.07528944 0.85742815 1.08461819]
[1.06377947 0.87102323 1.07924156]
[1.0607357  0.86990296 1.08373226]
[1.06703451 0.86819804 1.0794505 ]
[1.06357095 0.87130002 1.07911022]
[1.06461115 0.8695329  1.08024675]
[1.06703451 0.86819804 1.0794505 ]

