J = 1241.218470898403
Rand = 0.23537518490590045

Protótipos
[ 692 1717 1743]
[ 692 1919 1918]
[ 692 1717 1743]
[ 692 1717 1918]
[ 692 1717 1918]
[ 566 1919 1890]
[ 692 1919 1890]
[ 692 1717 1918]
[1784 1611 1636]
[ 692 1717 1918]

Pesos
[1.0633808  0.8708674  1.07983936]
[1.0642012  0.86928183 1.08097501]
[1.0633808  0.8708674  1.07983936]
[1.06681043 0.86767058 1.08033357]
[1.06681043 0.86767058 1.08033357]
[1.06043863 0.8700248  1.08388405]
[1.06380027 0.87097291 1.0792828 ]
[1.06681043 0.86767058 1.08033357]
[1.08408904 0.85179222 1.08293248]
[1.06681043 0.86767058 1.08033357]

