J = 1241.406745656653
Rand = 0.1772410571198327

Protótipos
[ 692 1717 1918]
[ 692 1717 1918]
[1773 1717 1605]
[ 692 1717 1743]
[ 692 1717 1918]
[ 692 1717 1743]
[ 692 1919 1890]
[ 692 1717 1743]
[ 692 1717 1743]
[ 692 1717 1743]

Pesos
[1.06720489 0.86588406 1.08216242]
[1.06720489 0.86588406 1.08216242]
[1.06511429 0.86822143 1.08136745]
[1.06502546 0.87036599 1.07879294]
[1.06720489 0.86588406 1.08216242]
[1.06502546 0.87036599 1.07879294]
[1.0617962  0.8695661  1.08306926]
[1.06502546 0.87036599 1.07879294]
[1.06502546 0.87036599 1.07879294]
[1.06502546 0.87036599 1.07879294]

