J = 1240.887620628307
Rand = 0.23994835125082983

Protótipos
[ 692 1717 1743]
[ 692 1717 1918]
[ 554 1717 1605]
[ 692 1717 1743]
[ 692 1717 1918]
[ 692 1717 1918]
[ 692 1717 1918]
[ 692 1919 1890]
[ 692 1919 1918]
[1784 1717  168]

Pesos
[1.06368523 0.87088484 1.07950869]
[1.06666207 0.86724994 1.0810079 ]
[1.0677197  0.86865548 1.0781897 ]
[1.06368526 0.87088482 1.07950868]
[1.06666209 0.86724993 1.0810079 ]
[1.06666205 0.86724996 1.08100791]
[1.06666208 0.86724993 1.0810079 ]
[1.06098804 0.87012353 1.08319986]
[1.06337316 0.87000576 1.08091658]
[1.07607063 0.85302149 1.08942979]

