J = 1241.3329311037505
Rand = 0.27681121175713075

Protótipos
[ 554 1717 1605]
[ 692 1919 1890]
[ 692 1919 1918]
[1784 1717  168]
[ 692 1717 1918]
[ 692 1717 1743]
[ 692 1919 1918]
[ 692 1919 1890]
[ 554 1717 1743]
[ 692 1717 1918]

Pesos
[1.06760668 0.86870866 1.07823783]
[1.06274787 0.8700806  1.08145953]
[1.06391279 0.86880456 1.08186203]
[1.07732264 0.85213466 1.08929619]
[1.06658288 0.86704792 1.08134006]
[1.06371219 0.87078417 1.07960612]
[1.06391281 0.86880454 1.08186203]
[1.06274787 0.8700806  1.08145953]
[1.06305643 0.86943863 1.08194391]
[1.06658285 0.86704794 1.08134006]

