J = 1241.7305635884045
Rand = 0.24991555496687679

Protótipos
[ 692  349 1918]
[ 692 1717 1918]
[ 692 1717 1743]
[ 692 1717 1743]
[ 566 1919 1890]
[ 692 1919 1918]
[ 566 1919 1890]
[ 692 1717 1743]
[ 692 1717 1918]
[1784 1611 1636]

Pesos
[1.0653066  0.86573651 1.08427551]
[1.06692774 0.86721683 1.08077999]
[1.06371664 0.87063884 1.07978182]
[1.06371677 0.87063877 1.07978177]
[1.05971795 0.87044603 1.0840963 ]
[1.06459483 0.86835912 1.08172353]
[1.05971783 0.87044608 1.08409635]
[1.06371661 0.87063885 1.07978182]
[1.06692773 0.86721684 1.08077999]
[1.08562736 0.85074762 1.08272579]

