J = 1241.315285063509
Rand = 0.2129632087279744

Protótipos
[ 692 1717 1918]
[ 566 1919 1890]
[ 692 1717 1918]
[ 692 1919 1918]
[ 692 1717 1918]
[ 692 1717 1918]
[ 692 1717 1890]
[ 692 1717 1918]
[1784 1717  168]
[ 692 1717 1743]

Pesos
[1.0666559  0.86812272 1.07992734]
[1.06008102 0.87032359 1.08387747]
[1.0666559  0.86812272 1.07992734]
[1.06407527 0.86967687 1.08061186]
[1.0666559  0.86812272 1.07992734]
[1.0666559  0.86812272 1.07992734]
[1.06760341 0.86924744 1.07757282]
[1.0666559  0.86812272 1.07992734]
[1.07924514 0.85035083 1.08963679]
[1.0624673  0.8706141  1.08108223]

