J = 1241.0502237868502
Rand = 0.23013684689122008

Protótipos
[ 692 1717 1743]
[ 692 1717 1743]
[1784 1611 1636]
[ 692 1717 1743]
[ 692 1717 1918]
[1784 1717  168]
[ 692 1717 1918]
[ 692 1919 1918]
[ 692 1919 1890]
[ 692 1919 1918]

Pesos
[1.06491231 0.87145051 1.07756487]
[1.06491231 0.87145051 1.07756487]
[1.07934336 0.85539358 1.08311455]
[1.06491231 0.87145051 1.07756487]
[1.06709494 0.86708995 1.08076878]
[1.07321933 0.85615158 1.08833063]
[1.06709494 0.86708995 1.08076878]
[1.06346412 0.87044729 1.08027588]
[1.06088198 0.87049605 1.08284457]
[1.06346412 0.87044729 1.08027588]

