J = 1241.329743602021
Rand = 0.2821039919967795

Protótipos
[ 692 1717 1918]
[ 566 1919 1890]
[ 692 1919 1918]
[1784 1611  168]
[1773 1717 1641]
[ 692 1717 1918]
[ 692 1919 1918]
[ 692 1919 1918]
[ 692 1919 1918]
[ 554 1717 1605]

Pesos
[1.06682983 0.86789339 1.08003659]
[1.05938129 0.86833169 1.08708136]
[1.06448416 0.86915658 1.08084339]
[1.08389117 0.84900592 1.08668483]
[1.06215135 0.86861721 1.08388989]
[1.06682984 0.86789338 1.08003659]
[1.06448423 0.86915653 1.08084338]
[1.06448417 0.86915658 1.08084339]
[1.0644842  0.86915656 1.08084339]
[1.06815534 0.86886252 1.07749316]

