J = 1241.2370860016838
Rand = 0.2627213874685858

Protótipos
[ 554 1717 1743]
[ 692 1919 1918]
[ 692 1717 1743]
[ 692 1919 1918]
[ 692 1717 1918]
[ 692 1919 1890]
[ 692 1717 1918]
[1784 1611 1636]
[ 692 1717 1890]
[ 692 1919 1918]

Pesos
[1.06453536 0.86922362 1.08070806]
[1.06430438 0.86933569 1.08080325]
[1.06354582 0.87119626 1.07926425]
[1.06430438 0.86933569 1.08080325]
[1.06678947 0.86787976 1.08009441]
[1.06314933 0.8705076  1.08052089]
[1.06678947 0.86787976 1.08009441]
[1.08339456 0.85254056 1.08267547]
[1.0672157  0.86856325 1.07881344]
[1.06430438 0.86933569 1.08080325]

