J = 1240.7143777140177
Rand = 0.23605978794280053

Protótipos
[ 692 1717 1743]
[1784 1611 1636]
[ 692 1919 1918]
[ 692 1919 1918]
[ 692 1717 1918]
[ 692 1919 1918]
[ 692 1717 1743]
[ 692 1717 1918]
[ 692 1717 1743]
[ 692 1919 1890]

Pesos
[1.06391453 0.87117622 1.07891505]
[1.08365532 0.85236762 1.08263457]
[1.06457141 0.86931769 1.08055453]
[1.06457141 0.86931769 1.08055453]
[1.06709025 0.86780109 1.07988785]
[1.06457141 0.86931769 1.08055453]
[1.06391453 0.87117622 1.07891505]
[1.06709025 0.86780109 1.07988785]
[1.06391453 0.87117622 1.07891505]
[1.06241723 0.86964553 1.08233729]

