J = 1242.6211918845288
Rand = 0.2647256049654393

Protótipos
[ 554 1717 1605]
[1784 1717  168]
[ 554 1717 1605]
[ 566  349 1890]
[ 692 1919 1918]
[ 692 1919 1890]
[1784 1717 1743]
[ 692 1717 1743]
[ 692 1919 1918]
[ 692 1717 1743]

Pesos
[1.06608814 0.87014449 1.07799195]
[1.07464023 0.85460263 1.0888616 ]
[1.06608814 0.87014449 1.07799195]
[1.05893185 0.86868202 1.08710415]
[1.06332604 0.86855255 1.08277309]
[1.06245702 0.87023322 1.08156586]
[1.06695276 0.86483115 1.08373595]
[1.06504492 0.87066625 1.0784012 ]
[1.06332604 0.86855255 1.08277309]
[1.06504492 0.87066625 1.0784012 ]

