J = 1241.4032257804317
Rand = 0.23888028483861165

Protótipos
[ 692 1919 1918]
[ 692 1717 1918]
[ 692 1717 1743]
[ 692 1717 1743]
[ 566 1919 1890]
[ 692 1717 1743]
[ 692 1717 1918]
[ 692 1717 1743]
[1784 1717 1743]
[ 692 1717 1605]

Pesos
[1.06383769 0.86854733 1.08225883]
[1.06703385 0.86596004 1.08224092]
[1.06481256 0.87038008 1.07899117]
[1.06481255 0.87038009 1.07899117]
[1.05978812 0.86823041 1.08679081]
[1.06481256 0.87038008 1.07899117]
[1.06703385 0.86596004 1.08224092]
[1.06481255 0.87038008 1.07899117]
[1.07184503 0.86236055 1.08188007]
[1.06817882 0.87019146 1.07582398]

