J = 1240.8175952498866
Rand = 0.2505573543626868

Protótipos
[ 566 1919 1890]
[ 692 1717 1743]
[ 692 1717 1918]
[ 692 1717 1918]
[ 692 1919 1918]
[ 692 1717 1743]
[ 692 1919 1918]
[ 692 1919 1918]
[ 692 1717 1918]
[1784 1611 1636]

Pesos
[1.0606864  0.86845054 1.08559518]
[1.063299   0.8709437  1.07982782]
[1.06701696 0.86807177 1.07962528]
[1.06701695 0.86807178 1.07962528]
[1.06478564 0.86909565 1.08061312]
[1.06329899 0.8709437  1.07982783]
[1.06478565 0.86909565 1.08061312]
[1.06478571 0.86909561 1.0806131 ]
[1.06701696 0.86807177 1.07962528]
[1.084264   0.85173309 1.0828329 ]

