J = 1241.846725686792
Rand = 0.2258772734164953

Protótipos
[1784 1717  168]
[ 554 1717 1743]
[ 692 1717 1918]
[ 692 1919 1890]
[ 566  349 1890]
[ 692 1919 1918]
[ 692 1717 1743]
[ 692 1717 1743]
[ 692 1717 1918]
[1784 1717  168]

Pesos
[1.0746314  0.85566011 1.08752484]
[1.06252487 0.87028167 1.08143659]
[1.06693664 0.86639231 1.08179952]
[1.06257468 0.87111621 1.08034992]
[1.06026159 0.86891343 1.08545159]
[1.0633587  0.86961375 1.08141854]
[1.0648009  0.87086305 1.07840458]
[1.0648009  0.87086305 1.07840458]
[1.0669366  0.86639235 1.0817995 ]
[1.07463139 0.85566012 1.08752484]

