J = 1242.3145095433372
Rand = 0.2959977461433393

Protótipos
[ 692 1919 1918]
[ 692 1717 1918]
[1784 1611 1636]
[ 692 1919 1890]
[ 692 1919 1890]
[ 692 1919 1918]
[ 692 1919 1918]
[1773 1717 1641]
[ 460 1919 1890]
[ 692 1717 1743]

Pesos
[1.06514852 0.86795309 1.081667  ]
[1.06690996 0.86768708 1.08021225]
[1.08441247 0.85224388 1.08203574]
[1.06548417 0.87056236 1.07808527]
[1.06548419 0.87056235 1.07808526]
[1.06514853 0.86795308 1.081667  ]
[1.0651486  0.86795303 1.08166699]
[1.06487676 0.8670833  1.08302836]
[1.06556178 0.86999462 1.07871023]
[1.06341798 0.87082906 1.07984915]

