J = 1242.843069899741
Rand = 0.2744742615803871

Protótipos
[ 692 1717 1918]
[ 692 1919 1918]
[ 692 1717 1918]
[1784 1717 1689]
[ 554 1717 1605]
[1784 1717 1641]
[ 692 1919 1918]
[ 566  349 1890]
[ 566 1919 1890]
[1784 1717  168]

Pesos
[1.06663251 0.86691123 1.08146023]
[1.06343543 0.86954715 1.08142334]
[1.06663251 0.86691123 1.08146023]
[1.07170687 0.86291872 1.08131966]
[1.0663679  0.8699141  1.07799456]
[1.06876264 0.86391852 1.08304363]
[1.06343543 0.86954715 1.08142334]
[1.0586961  0.86979535 1.08595443]
[1.05799142 0.87059011 1.08568572]
[1.07346213 0.85576321 1.08857827]

