J = 1241.523633849655
Rand = 0.2913391226634199

Protótipos
[ 692 1919 1890]
[ 554 1717  168]
[ 692 1919 1918]
[ 692 1717 1743]
[ 554 1717 1605]
[ 692 1919 1918]
[ 692 1717 1890]
[ 692 1919 1918]
[1784 1611  168]
[ 692 1717 1918]

Pesos
[1.06202595 0.87062272 1.0815208 ]
[1.06554156 0.86713845 1.08228381]
[1.06335182 0.8694508  1.08162822]
[1.06353585 0.8711198  1.0793691 ]
[1.0667625  0.86960742 1.07797583]
[1.06335186 0.86945077 1.08162822]
[1.06646588 0.86795923 1.08032322]
[1.06335187 0.86945077 1.0816282 ]
[1.08338571 0.84996599 1.0859638 ]
[1.06627733 0.86725261 1.08139463]

