J = 1241.608989325977
Rand = 0.27423109973653587

Protótipos
[ 692 1717 1918]
[ 692 1919 1890]
[ 566 1919 1890]
[1784 1717  168]
[1784 1611  168]
[ 554 1717 1743]
[ 692  349 1918]
[ 692 1919 1918]
[ 692 1717 1743]
[ 692 1717 1918]

Pesos
[1.06661247 0.86740484 1.08086512]
[1.0624766  0.87143612 1.08005299]
[1.05926175 0.87028668 1.08476178]
[1.07443153 0.85585887 1.08747454]
[1.08267232 0.85051546 1.08597731]
[1.06248468 0.87039032 1.08134249]
[1.06362658 0.86814157 1.08297957]
[1.06338742 0.87005711 1.08083828]
[1.06394404 0.87132036 1.07870663]
[1.06661247 0.86740484 1.08086512]

