J = 1241.8619198842491
Rand = 0.22832160299061807

Protótipos
[1773 1717  168]
[1773 1717  168]
[ 692 1919 1890]
[1784 1717 1636]
[ 692 1919 1918]
[ 692 1717 1918]
[ 554 1717 1743]
[ 692 1717 1918]
[ 692 1919 1918]
[ 692 1919 1918]

Pesos
[1.06342695 0.86531065 1.08672658]
[1.06342696 0.86531065 1.08672658]
[1.06125739 0.86979946 1.08332843]
[1.07088743 0.86103461 1.08451502]
[1.06440094 0.86988573 1.08002186]
[1.06772257 0.86699879 1.08024703]
[1.0628144  0.87026506 1.08116261]
[1.06772257 0.86699879 1.08024703]
[1.06440094 0.86988573 1.08002186]
[1.06440094 0.86988573 1.08002186]

