J = 1241.7164257681295
Rand = 0.2852422984122117

Protótipos
[ 554 1717 1605]
[ 692 1919 1890]
[1784 1717  168]
[1784 1717 1641]
[ 692 1919 1918]
[ 692 1717 1918]
[ 692 1717 1918]
[ 692 1717 1918]
[ 692 1919 1918]
[ 566 1919 1890]

Pesos
[1.06783546 0.86877145 1.07792891]
[1.06295408 0.87070324 1.08047653]
[1.07616325 0.85326578 1.08902417]
[1.07176178 0.8619182  1.08251939]
[1.06404105 0.86922494 1.08120847]
[1.06667294 0.86753084 1.08064686]
[1.06667294 0.86753084 1.08064686]
[1.06667294 0.86753084 1.08064686]
[1.06404105 0.86922494 1.08120847]
[1.05929835 0.86983297 1.08529009]

