J = 1241.360401174462
Rand = 0.25270878292272586

Protótipos
[ 692 1717 1743]
[ 554 1717 1605]
[ 692 1717 1743]
[ 692 1919 1918]
[ 692 1717 1918]
[ 566 1919 1890]
[ 554 1717 1605]
[ 692 1717 1743]
[ 692 1919 1918]
[ 692 1717 1918]

Pesos
[1.06384632 0.87009554 1.08032435]
[1.06824645 0.86798626 1.07848893]
[1.06384648 0.87009545 1.0803243 ]
[1.0640892  0.86771922 1.08303563]
[1.06662229 0.86620923 1.08234704]
[1.05865475 0.86801849 1.08821992]
[1.06824643 0.86798627 1.07848893]
[1.06384634 0.87009553 1.08032434]
[1.06408919 0.86771923 1.08303563]
[1.06662227 0.86620925 1.08234705]

