J = 1241.4591364882754
Rand = 0.2300891141197021

Protótipos
[ 554 1717  168]
[ 692 1717 1743]
[ 566 1919 1890]
[ 692 1919 1918]
[ 692 1717 1743]
[ 692 1717 1918]
[ 692 1717 1918]
[1773 1717 1641]
[ 692 1717 1743]
[ 692 1717 1918]

Pesos
[1.06661611 0.86481321 1.08410051]
[1.06487275 0.87014676 1.07921949]
[1.05987909 0.86812952 1.08682383]
[1.06410335 0.86865446 1.0818552 ]
[1.06487275 0.87014676 1.07921949]
[1.06735814 0.86596542 1.08190539]
[1.06735814 0.86596542 1.08190539]
[1.06377095 0.86763592 1.08346367]
[1.06487275 0.87014676 1.07921949]
[1.06735814 0.86596542 1.08190539]

