J = 1241.5255609250557
Rand = 0.23712525629979764

Protótipos
[ 692  349 1918]
[ 692 1717 1918]
[ 692 1717 1918]
[ 692 1717 1743]
[ 692 1919 1890]
[ 692 1717 1918]
[ 692 1919 1918]
[ 692 1919 1918]
[1798 1611   25]
[ 692 1919 1918]

Pesos
[1.06520981 0.8677385  1.08187224]
[1.06679232 0.86925002 1.0783889 ]
[1.06679233 0.86925001 1.0783889 ]
[1.06260213 0.87158164 1.0797451 ]
[1.06211421 0.87026967 1.08186964]
[1.06679231 0.86925003 1.0783889 ]
[1.06455612 0.8702915  1.07936094]
[1.06455607 0.87029153 1.07936095]
[1.09743326 0.83826057 1.08703328]
[1.06455605 0.87029155 1.07936095]

