J = 1241.8290200752508
Rand = 0.2488335812277729

Protótipos
[ 554 1717 1605]
[ 692 1717 1743]
[1784 1717 1641]
[1784 1717  168]
[ 692 1717 1918]
[ 692 1717 1743]
[ 692  349 1890]
[ 692 1717 1918]
[ 692 1919 1918]
[ 692 1717 1918]

Pesos
[1.06653011 0.86980381 1.07796727]
[1.06465974 0.87114834 1.07819436]
[1.06861112 0.86446144 1.0825169 ]
[1.07292779 0.85601134 1.0888047 ]
[1.06685016 0.86676457 1.08142255]
[1.06465963 0.8711484  1.0781944 ]
[1.06088023 0.86886957 1.08487339]
[1.06685016 0.86676457 1.08142255]
[1.06288507 0.87064403 1.08062015]
[1.06685016 0.86676457 1.08142255]

