J = 1240.671471635718
Rand = 0.26390347702133804

Protótipos
[ 692 1717 1743]
[ 692 1717 1918]
[ 692 1717 1743]
[ 692 1919 1918]
[ 692 1919 1890]
[ 692 1717 1918]
[ 692 1919 1918]
[1784 1611  168]
[ 692 1919 1918]
[ 692 1717 1605]

Pesos
[1.06310964 0.87118138 1.0797255 ]
[1.06656921 0.86803575 1.08012333]
[1.06310964 0.87118138 1.0797255 ]
[1.06407008 0.86952604 1.08080458]
[1.06184446 0.86980853 1.08271818]
[1.06656921 0.86803575 1.08012333]
[1.06407008 0.86952604 1.08080458]
[1.08499995 0.847789   1.08713256]
[1.06407008 0.86952604 1.08080458]
[1.06686469 0.8712775  1.07580649]

