J = 1241.5695246875744
Rand = 0.26701250769511636

Protótipos
[ 692 1919 1918]
[ 692 1919 1918]
[ 692 1919 1918]
[ 692 1717 1743]
[ 460 1717 1605]
[ 554 1717 1605]
[ 692 1919 1918]
[1784 1717  168]
[1784 1717  168]
[ 692 1919 1918]

Pesos
[1.06379916 0.86921537 1.08146623]
[1.06379916 0.86921537 1.08146623]
[1.06379914 0.86921538 1.08146623]
[1.06377384 0.87100997 1.07926369]
[1.06711506 0.87184753 1.07485087]
[1.06637116 0.87030108 1.07751193]
[1.06379914 0.86921538 1.08146623]
[1.07407747 0.85585581 1.08783691]
[1.0740776  0.8558557  1.08783691]
[1.06379915 0.86921537 1.08146623]

