J = 1241.514555439582
Rand = 0.28456011465010767

Protótipos
[ 692 1717 1890]
[ 692 1919 1918]
[ 692 1717 1918]
[ 692 1919 1918]
[ 692 1717 1743]
[ 692 1717 1743]
[ 692 1919 1918]
[ 460 1717 1605]
[ 692 1717 1743]
[1784 1717 1636]

Pesos
[1.06672714 0.86702638 1.08122068]
[1.06417408 0.86856886 1.0818899 ]
[1.06691818 0.86669319 1.08144267]
[1.06417408 0.86856886 1.0818899 ]
[1.06417974 0.870556   1.07941463]
[1.06417974 0.870556   1.07941463]
[1.06417408 0.86856886 1.0818899 ]
[1.06700103 0.87053694 1.07658408]
[1.06417974 0.870556   1.07941463]
[1.07658437 0.85570635 1.08549338]

