J = 1241.4982286518398
Rand = 0.2973599027894997

Protótipos
[ 692 1717 1918]
[ 692 1919 1918]
[ 692 1717 1743]
[ 692 1919 1890]
[ 554 1717  168]
[ 692 1717 1743]
[ 554 1717 1605]
[ 692 1919 1918]
[ 692 1717 1743]
[ 554 1717 1743]

Pesos
[1.0668449  0.86559543 1.08288855]
[1.06366134 0.86819233 1.08288087]
[1.06508052 0.87039972 1.07869538]
[1.06162536 0.86875945 1.08424935]
[1.06494382 0.86547129 1.08497726]
[1.06508065 0.87039965 1.07869533]
[1.06687509 0.86891791 1.07871738]
[1.06366134 0.86819233 1.08288087]
[1.06508052 0.87039972 1.07869538]
[1.06252693 0.86988316 1.08192992]

