J = 1241.206414848893
Rand = 0.29050552321787787

Protótipos
[ 692 1919 1918]
[ 692 1919 1918]
[ 692 1919 1890]
[ 692 1717 1605]
[ 692 1717 1918]
[1784 1717 1636]
[ 692 1919 1918]
[1784 1717 1636]
[ 692 1919 1918]
[ 692 1717 1743]

Pesos
[1.06480696 0.86926017 1.08038697]
[1.06480698 0.86926016 1.08038697]
[1.06217965 0.86949099 1.08277181]
[1.06766513 0.87105017 1.0752805 ]
[1.06725254 0.86784054 1.07967456]
[1.0745784  0.85787436 1.08477135]
[1.06480698 0.86926016 1.08038697]
[1.07457846 0.85787431 1.08477134]
[1.06480701 0.86926014 1.08038696]
[1.06395195 0.87110356 1.07896708]

