J = 1241.6363626054715
Rand = 0.23749680089576647

Protótipos
[ 692 1717 1743]
[ 692  349 1918]
[ 692 1919 1918]
[ 554 1717 1743]
[ 692 1717 1890]
[ 566 1919 1890]
[1784 1717  168]
[ 692 1919 1918]
[ 692 1717 1743]
[ 692 1717 1743]

Pesos
[1.06422748 0.87060031 1.07931127]
[1.06466696 0.86620056 1.08434571]
[1.06432156 0.86827727 1.08210327]
[1.06440125 0.86894905 1.08118575]
[1.06810201 0.86811012 1.07848087]
[1.05996941 0.8694172  1.08512168]
[1.0792517  0.85060711 1.08930187]
[1.06432156 0.86827727 1.08210327]
[1.06422748 0.87060031 1.07931127]
[1.06422748 0.87060031 1.07931127]

