J = 1241.8233950933202
Rand = 0.23260253084188934

Protótipos
[ 692 1919 1918]
[ 692 1717 1743]
[ 692 1717 1918]
[ 692 1717  168]
[ 692  349 1918]
[ 692 1717 1890]
[ 692 1717 1743]
[ 692 1919 1918]
[1784 1717  168]
[ 566 1919 1890]

Pesos
[1.0645139  0.86868686 1.08139762]
[1.06313519 0.87059965 1.080421  ]
[1.06679426 0.86760441 1.08043235]
[1.06404163 0.87035322 1.07980626]
[1.06501614 0.86637753 1.08376876]
[1.06802992 0.8689837  1.07746942]
[1.06313519 0.87059965 1.08042101]
[1.0645139  0.86868686 1.08139762]
[1.07998818 0.85080739 1.08830279]
[1.0601243  0.86984457 1.08443008]

