J = 1241.0954490464933
Rand = 0.24436354413592795

Protótipos
[ 692 1717 1743]
[ 692 1717 1890]
[ 554 1717 1743]
[ 692 1919 1918]
[ 692 1717 1743]
[1784 1717 1636]
[ 692 1717 1918]
[ 692 1717 1918]
[ 692 1919 1918]
[ 692 1717 1918]

Pesos
[1.06444891 0.87089695 1.0787192 ]
[1.06629797 0.86677583 1.08196851]
[1.06412083 0.8694911  1.08079646]
[1.06389775 0.86979568 1.08064453]
[1.06444893 0.87089693 1.0787192 ]
[1.07493691 0.85725651 1.08519112]
[1.06716833 0.86705891 1.08073314]
[1.06716835 0.86705889 1.08073314]
[1.06389778 0.86979566 1.08064453]
[1.06716835 0.86705889 1.08073314]

