J = 1240.9979152606315
Rand = 0.263818788460951

Protótipos
[ 692 1717 1743]
[ 692 1919 1918]
[ 692 1919 1890]
[ 692 1717 1918]
[1784 1611  168]
[ 554 1717 1743]
[ 692 1919 1918]
[ 692 1919 1890]
[ 692 1919 1918]
[ 692 1717 1918]

Pesos
[1.06302524 0.87121518 1.07976934]
[1.06445806 0.86909252 1.08094956]
[1.0633737  0.87031228 1.08053534]
[1.06659535 0.86820807 1.07988249]
[1.08574668 0.8474855  1.08677394]
[1.06449092 0.86900715 1.08102239]
[1.06445806 0.86909252 1.08094956]
[1.0633737  0.87031228 1.08053534]
[1.06445806 0.86909252 1.08094956]
[1.06659535 0.86820807 1.07988249]

