J = 1241.7587500738532
Rand = 0.28556533584104915

Protótipos
[ 692 1919 1918]
[ 692 1717 1743]
[ 692 1919 1918]
[ 692 1919 1890]
[1784 1717  168]
[ 692 1717 1743]
[ 692 1717 1918]
[ 554 1717 1605]
[1784 1717 1689]
[ 692 1919 1890]

Pesos
[1.06337973 0.86936571 1.0817057 ]
[1.06406873 0.87106888 1.07889162]
[1.06337973 0.8693657  1.0817057 ]
[1.06197103 0.87049762 1.08173217]
[1.07466466 0.85455951 1.08889179]
[1.06406874 0.87106887 1.07889162]
[1.06646811 0.86689645 1.08164539]
[1.06679121 0.86939631 1.07820856]
[1.07326883 0.86226637 1.08056286]
[1.06197101 0.87049762 1.08173217]

