J = 1241.1753444128778
Rand = 0.2683355802665912

Protótipos
[ 692 1919 1890]
[ 692 1919 1890]
[ 692 1717 1743]
[ 554 1717 1605]
[1784 1717  168]
[ 692 1919 1918]
[ 692 1717 1918]
[ 692 1717 1743]
[ 692 1919 1918]
[ 692 1717 1918]

Pesos
[1.06314954 0.87011818 1.08100425]
[1.06314948 0.87011821 1.08100427]
[1.06335709 0.87075429 1.08000372]
[1.06847668 0.86812717 1.07808152]
[1.07837772 0.85123416 1.08938164]
[1.0641417  0.86875966 1.08168521]
[1.06659845 0.86735942 1.08093593]
[1.06335709 0.87075429 1.08000371]
[1.06414172 0.86875965 1.08168521]
[1.06659847 0.86735941 1.08093592]

