J = 1241.6474375508362
Rand = 0.30585515280963405

Protótipos
[ 692 1919 1918]
[ 692 1919 1890]
[ 554 1717 1743]
[1784 1717 1743]
[ 692 1919 1890]
[ 692 1717 1918]
[ 692 1717 1743]
[ 554 1717 1605]
[ 692 1717 1918]
[ 692 1919 1918]

Pesos
[1.06418639 0.86848727 1.08197904]
[1.06308053 0.86978856 1.08148412]
[1.06369212 0.86923337 1.08155266]
[1.07168415 0.86230953 1.0821065 ]
[1.06308053 0.86978856 1.08148412]
[1.06671776 0.86695932 1.08131381]
[1.06391624 0.87074536 1.07944718]
[1.06800438 0.86827924 1.07836939]
[1.06671776 0.86695932 1.08131382]
[1.0641864  0.86848726 1.08197903]

