J = 1241.8838624050466
Rand = 0.26997106461925907

Protótipos
[ 692 1717 1918]
[ 692 1919 1918]
[ 692 1919 1918]
[ 554 1611 1743]
[ 692 1717 1743]
[ 566 1919 1890]
[ 554 1717 1689]
[ 692 1717 1918]
[ 692 1717 1918]
[ 692 1919 1890]

Pesos
[1.06634242 0.86751814 1.08099765]
[1.0643089  0.86819887 1.08221386]
[1.06430888 0.86819889 1.08221386]
[1.06862551 0.863691   1.08346795]
[1.06286584 0.8706183  1.08067165]
[1.0594959  0.86951349 1.08548643]
[1.06945405 0.86619201 1.07950261]
[1.06634243 0.86751814 1.08099765]
[1.06634243 0.86751814 1.08099765]
[1.06397891 0.87000733 1.08029923]

