J = 1241.7166009563875
Rand = 0.17753616715911374

Protótipos
[ 692 1717 1918]
[ 692  349 1918]
[1784 1717 1743]
[ 692 1919 1918]
[ 692 1919 1918]
[1798 1611   25]
[ 692 1919 1918]
[ 692 1717 1918]
[ 692 1919 1918]
[ 692 1717 1918]

Pesos
[1.06704203 0.86942246 1.0779227 ]
[1.06474283 0.86908509 1.08066971]
[1.06719766 0.86512977 1.08311327]
[1.06431911 0.8713006  1.07835095]
[1.06431911 0.8713006  1.07835095]
[1.09250671 0.84139111 1.08787242]
[1.06431912 0.87130059 1.07835095]
[1.06704203 0.86942246 1.0779227 ]
[1.0643191  0.8713006  1.07835095]
[1.06704203 0.86942246 1.0779227 ]

