J = 1242.554076548178
Rand = 0.27493055798271004

Protótipos
[ 554 1717  168]
[ 692  349 1890]
[ 692 1919 1918]
[1784 1717 1743]
[ 554 1717 1605]
[ 692 1919 1890]
[1784 1717 1689]
[ 692 1919 1918]
[ 692 1717 1743]
[ 692 1919 1918]

Pesos
[1.06490624 0.86686205 1.08327479]
[1.06258561 0.86903094 1.08293112]
[1.06361821 0.86912908 1.0817576 ]
[1.06733176 0.86471481 1.0834969 ]
[1.06645451 0.86976131 1.07809636]
[1.06203768 0.8701518  1.08209416]
[1.07353671 0.86227395 1.08028373]
[1.06361823 0.86912906 1.0817576 ]
[1.06422966 0.87115221 1.07862529]
[1.0636182  0.86912908 1.0817576 ]

