J = 1241.8299121191467
Rand = 0.22955125553897837

Protótipos
[ 692 1717 1918]
[ 692  349 1918]
[ 692 1919 1890]
[ 692 1717 1890]
[ 554 1717  168]
[ 692 1717 1743]
[ 692 1919 1918]
[ 692 1717 1743]
[1784 1717  168]
[ 554 1717 1743]

Pesos
[1.06675759 0.86652758 1.08181219]
[1.06351215 0.86768299 1.08366853]
[1.06225871 0.87066762 1.08122805]
[1.06707436 0.8673258  1.08049571]
[1.06586024 0.86678997 1.08239521]
[1.06456714 0.8709023  1.07859278]
[1.06333761 0.86948613 1.08159873]
[1.06456701 0.87090237 1.07859282]
[1.07598672 0.8543066  1.08787583]
[1.06268428 0.87013402 1.08145784]

