J = 1242.6393205323648
Rand = 0.27159441400307255

Protótipos
[ 692 1919 1918]
[1784 1717 1743]
[1784 1611 1636]
[ 692 1919 1890]
[ 692  349 1890]
[1784 1717 1689]
[ 692 1919 1918]
[ 692 1717 1743]
[ 692 1919 1890]
[ 692 1717 1918]

Pesos
[1.06367992 0.87013104 1.08044927]
[1.0667538  0.86567016 1.08288752]
[1.07998358 0.85493084 1.08305838]
[1.06321054 0.87189481 1.07873964]
[1.06381867 0.87054065 1.07980003]
[1.07260177 0.86298456 1.08033505]
[1.06367992 0.87013104 1.08044927]
[1.0641326  0.87177393 1.07795437]
[1.06321054 0.87189481 1.07873964]
[1.0666793  0.86781116 1.08029135]

