J = 1240.7949482287786
Rand = 0.28361778821632255

Protótipos
[1784 1611  168]
[ 692 1717 1743]
[ 692 1919 1918]
[ 692 1919 1890]
[ 692 1919 1918]
[ 554 1717 1605]
[ 692 1919 1918]
[ 692 1717 1918]
[ 692 1717 1743]
[ 692 1717 1743]

Pesos
[1.08407068 0.84826883 1.08744898]
[1.06403009 0.871136   1.07884767]
[1.06374818 0.86925894 1.08146384]
[1.06144901 0.86956525 1.08342459]
[1.06374807 0.86925903 1.08146384]
[1.0675775 0.8690092 1.0778944]
[1.06374818 0.86925894 1.08146384]
[1.06661987 0.86714437 1.08118229]
[1.06403023 0.87113592 1.07884762]
[1.06403009 0.871136   1.07884767]

