J = 1241.389083658069
Rand = 0.2449167892603791

Protótipos
[ 692 1717 1743]
[ 554 1717 1605]
[ 566 1919 1890]
[ 692 1919 1918]
[ 692 1717 1743]
[ 692 1919 1918]
[ 692 1717 1743]
[ 554 1717 1743]
[ 692 1919 1918]
[ 692 1717 1743]

Pesos
[1.06474781 0.87005836 1.07945579]
[1.06852866 0.86761105 1.07867037]
[1.05952122 0.86742114 1.08807878]
[1.06468365 0.86693596 1.0834089 ]
[1.06474781 0.87005836 1.07945579]
[1.06468363 0.86693597 1.0834089 ]
[1.0647478  0.87005837 1.07945579]
[1.06431199 0.86862912 1.08167467]
[1.06468367 0.86693594 1.0834089 ]
[1.06474779 0.87005837 1.07945579]

