J = 1241.3599085010003
Rand = 0.2550898150230538

Protótipos
[ 692 1717 1743]
[ 692 1717 1743]
[ 566 1919 1890]
[ 692 1919 1918]
[ 692 1717 1918]
[1798 1611   25]
[ 692 1919 1918]
[ 692 1919 1918]
[ 692 1919 1918]
[ 692 1919 1918]

Pesos
[1.06320428 0.87113758 1.07968368]
[1.06320428 0.87113758 1.07968367]
[1.06105185 0.86809528 1.0856654 ]
[1.0651261  0.86875464 1.08069175]
[1.06697199 0.86834458 1.07933158]
[1.09842315 0.83749917 1.08704102]
[1.0651261  0.86875464 1.08069175]
[1.0651261  0.86875464 1.08069175]
[1.0651261  0.86875464 1.08069175]
[1.0651261  0.86875464 1.08069175]

