J = 1241.5753387107882
Rand = 0.26243507414026596

Protótipos
[ 566 1919 1890]
[ 692 1919 1918]
[ 692 1717 1743]
[ 692 1717 1743]
[ 692 1919 1918]
[1784 1611 1636]
[1784 1717  168]
[ 692 1919 1918]
[ 692 1919 1918]
[1784 1717 1636]

Pesos
[1.06049252 0.86829129 1.0859928 ]
[1.06417078 0.86978875 1.08037589]
[1.06530429 0.87142145 1.0772043 ]
[1.06530429 0.87142145 1.0772043 ]
[1.0641708  0.86978874 1.08037589]
[1.07831787 0.85669709 1.08249501]
[1.07218806 0.85765923 1.08746244]
[1.06417078 0.86978875 1.08037589]
[1.06417078 0.86978875 1.08037589]
[1.07017917 0.86216566 1.08380907]

