J = 1241.4790541264597
Rand = 0.2670526235939554

Protótipos
[ 692 1717 1918]
[ 692 1717 1743]
[ 692 1717 1918]
[1784 1717  168]
[ 692 1717 1890]
[ 692 1717 1890]
[1784 1717 1743]
[ 692 1919 1918]
[ 692 1919 1918]
[ 692 1919 1918]

Pesos
[1.06684688 0.86801546 1.07986745]
[1.06342717 0.87119952 1.07938063]
[1.06684688 0.86801546 1.07986745]
[1.07606973 0.85318619 1.0892204 ]
[1.06692487 0.86849453 1.07919289]
[1.06692487 0.86849453 1.07919289]
[1.06895677 0.86370392 1.08311599]
[1.06397501 0.87011855 1.08016512]
[1.06397501 0.87011854 1.08016512]
[1.06397501 0.87011854 1.08016512]

