J = 1241.383399100395
Rand = 0.25964597145967777

Protótipos
[1784 1611 1636]
[ 692 1919 1918]
[ 692 1717 1918]
[ 692 1717 1743]
[ 692 1919 1890]
[ 692 1717 1605]
[ 566 1919 1890]
[ 692 1717 1743]
[ 692 1919 1918]
[ 692 1717 1918]

Pesos
[1.08433449 0.85158984 1.08294464]
[1.06433622 0.86852811 1.08177585]
[1.06668006 0.86732862 1.08089161]
[1.06346261 0.87075856 1.07989125]
[1.06400869 0.8704239  1.07975201]
[1.06705546 0.87078428 1.0762234 ]
[1.06003466 0.86972538 1.0846704 ]
[1.06346256 0.87075859 1.07989126]
[1.06433621 0.86852812 1.08177585]
[1.06668006 0.86732862 1.08089161]

