J = 1241.519709628807
Rand = 0.28152285855539483

Protótipos
[ 566 1919 1890]
[ 692 1717 1918]
[ 692 1717 1918]
[ 692 1919 1918]
[1784 1611 1743]
[ 692 1919 1918]
[1784 1717 1743]
[ 692 1919 1918]
[1784 1717  168]
[ 692 1717 1918]

Pesos
[1.06001095 0.86883757 1.08580305]
[1.06697844 0.8681502  1.07956672]
[1.06697842 0.86815021 1.07956672]
[1.06387128 0.87065643 1.07960305]
[1.07397596 0.860893   1.08157405]
[1.06387122 0.87065647 1.07960306]
[1.06536171 0.86599281 1.08389854]
[1.06387126 0.87065645 1.07960305]
[1.07284653 0.8558098  1.0891436 ]
[1.06697843 0.86815021 1.07956672]

