J = 1241.8259504365221
Rand = 0.2989446335196661

Protótipos
[ 554 1717 1605]
[ 692 1919 1918]
[1798   57   25]
[ 692 1919 1918]
[ 692 1717 1743]
[ 692 1717 1918]
[ 692 1717 1743]
[ 692 1919 1890]
[ 692 1919 1918]
[ 692 1919 1918]

Pesos
[1.06642632 0.87023605 1.07753671]
[1.06328236 0.87042811 1.08048436]
[1.10546686 0.82137651 1.10131612]
[1.06328239 0.87042809 1.08048435]
[1.06365394 0.87190173 1.07828139]
[1.06632247 0.86801818 1.08039512]
[1.063654   0.87190169 1.07828137]
[1.06073604 0.87056581 1.08290676]
[1.06328241 0.87042807 1.08048435]
[1.06328236 0.87042811 1.08048436]

