J = 1241.3323015553485
Rand = 0.26060489447643836

Protótipos
[ 692 1717 1743]
[ 692 1919 1890]
[ 554 1717  168]
[1784 1611 1743]
[ 554 1717 1743]
[ 692 1919 1918]
[ 692 1717 1743]
[ 692 1919 1918]
[ 692 1919 1918]
[ 692 1919 1918]

Pesos
[1.06473836 0.87117525 1.07808144]
[1.06189244 0.86904482 1.0836207 ]
[1.06553339 0.8657409  1.08403924]
[1.07808059 0.85944285 1.07927414]
[1.06325351 0.87026589 1.08071508]
[1.06428962 0.86873268 1.08156846]
[1.06473825 0.87117531 1.07808148]
[1.06428961 0.86873268 1.08156846]
[1.06428963 0.86873267 1.08156846]
[1.06428964 0.86873267 1.08156845]

