J = 1242.2202204809137
Rand = 0.3287400059659185

Protótipos
[ 692 1717 1743]
[1784 1611  168]
[ 692 1919 1890]
[ 554 1717  168]
[ 692 1919 1890]
[ 692 1919 1890]
[ 692 1919 1918]
[ 692 1919 1918]
[ 692 1717 1743]
[1784 1611 1743]

Pesos
[1.06461425 0.87163459 1.07763892]
[1.08211599 0.8504785  1.08658285]
[1.06321764 0.87164716 1.07903892]
[1.06563227 0.8680265  1.08108453]
[1.06321764 0.87164716 1.07903892]
[1.06321764 0.87164716 1.07903892]
[1.06327335 0.86946036 1.08169615]
[1.06327335 0.86946036 1.08169615]
[1.06461408 0.87163469 1.07763897]
[1.07488185 0.8604388  1.08123298]

