J = 1242.03290076172
Rand = 0.27550192301698145

Protótipos
[ 460 1717 1605]
[ 692 1919 1918]
[ 692 1919 1918]
[ 692 1919 1918]
[ 692 1717 1743]
[ 692 1717 1743]
[ 692 1919 1890]
[ 692 1717 1743]
[1773 1717 1641]
[ 692 1717  168]

Pesos
[1.06699844 0.87043044 1.07671842]
[1.06471233 0.86742044 1.08277461]
[1.06471235 0.86742043 1.08277461]
[1.06471241 0.86742038 1.0827746 ]
[1.06447489 0.87008604 1.07969821]
[1.06447492 0.87008602 1.0796982 ]
[1.06313568 0.86851946 1.08300822]
[1.06447491 0.87008603 1.0796982 ]
[1.06512317 0.86662517 1.08335021]
[1.06491315 0.86928616 1.08024694]

