J = 1241.4770057149426
Rand = 0.24984995042678182

Protótipos
[ 692 1717 1918]
[1784 1611  168]
[ 692 1919 1918]
[ 692 1717 1918]
[ 692 1919 1918]
[1784 1717  168]
[ 692 1919 1918]
[ 692  349 1890]
[ 692 1717 1743]
[ 554 1717  168]

Pesos
[1.06670744 0.86794127 1.08010092]
[1.08105025 0.85256977 1.08498613]
[1.0633097  0.87092594 1.07983898]
[1.06670744 0.86794127 1.08010092]
[1.0633097  0.87092594 1.07983898]
[1.07263852 0.85814139 1.08639501]
[1.0633097  0.87092594 1.07983898]
[1.06113719 0.86919051 1.0842102 ]
[1.06386841 0.87163885 1.07838914]
[1.0662325  0.86880848 1.07950345]

