J = 1241.3394790721377
Rand = 0.29607869713804497

Protótipos
[ 692 1919 1918]
[1784 1611 1743]
[1784 1611  168]
[ 692 1717 1743]
[ 692 1919 1890]
[ 692  349 1918]
[ 692 1717 1918]
[ 554 1717 1743]
[ 692 1919 1918]
[ 692 1919 1918]

Pesos
[1.06362903 0.8705957  1.07992427]
[1.07543456 0.86034095 1.08080021]
[1.08198216 0.84938594 1.08811509]
[1.06403486 0.87206299 1.07769605]
[1.06079667 0.87037146 1.08308667]
[1.06395813 0.86850077 1.08219433]
[1.06665474 0.86821198 1.07981749]
[1.06280977 0.8710954  1.08013675]
[1.06362904 0.87059569 1.07992427]
[1.06362897 0.87059574 1.07992427]

