J = 1241.3136018371517
Rand = 0.2916185723545174

Protótipos
[ 692 1717 1605]
[ 692 1717 1743]
[1784 1717 1743]
[ 692 1919 1918]
[ 692 1717 1890]
[ 692 1919 1918]
[ 692 1919 1918]
[ 692 1717 1918]
[ 692 1919 1918]
[1784 1611 1636]

Pesos
[1.06748375 0.8713782  1.07505836]
[1.06395027 0.87148567 1.07849571]
[1.06790076 0.86476354 1.08285856]
[1.06399129 0.87002929 1.0802594 ]
[1.0657548  0.86739691 1.08174484]
[1.06399126 0.87002931 1.08025941]
[1.06399123 0.87002933 1.08025941]
[1.0668811  0.86786691 1.08001765]
[1.06399124 0.87002932 1.08025941]
[1.08068559 0.85401709 1.08351288]

