J = 1241.6816952515544
Rand = 0.23322230035531974

Protótipos
[ 692 1717 1918]
[ 692 1717 1743]
[1798 1611   25]
[ 692 1717 1918]
[ 692 1717 1918]
[ 692 1717 1743]
[ 692 1919 1890]
[ 692 1919 1890]
[ 692 1919 1918]
[ 692 1717 1743]

Pesos
[1.06675672 0.86728084 1.08087348]
[1.06417933 0.87127818 1.07852035]
[1.09275545 0.84083201 1.088348  ]
[1.06675672 0.86728084 1.08087348]
[1.06675672 0.86728084 1.08087348]
[1.06417933 0.87127818 1.07852035]
[1.06251662 0.87121627 1.08028486]
[1.06251663 0.87121626 1.08028486]
[1.06347309 0.87002549 1.08079049]
[1.06417933 0.87127818 1.07852035]

