J = 1240.8891656914138
Rand = 0.22996965306330297

Protótipos
[ 692 1919 1918]
[ 692 1717 1743]
[ 692 1919 1890]
[ 692 1919 1918]
[ 692 1717 1918]
[ 692 1919 1918]
[1784 1611  168]
[ 692  349 1918]
[ 692 1919 1918]
[1784 1611  168]

Pesos
[1.06411838 0.87069444 1.07930523]
[1.06272018 0.87211817 1.07896098]
[1.06135784 0.87052186 1.08232698]
[1.06411838 0.87069444 1.07930523]
[1.06649753 0.86938287 1.07852214]
[1.06411838 0.87069445 1.07930523]
[1.08293294 0.85050585 1.08572823]
[1.06453213 0.86847612 1.08164151]
[1.06411838 0.87069445 1.07930523]
[1.08293291 0.85050587 1.08572824]

