J = 1241.3730301868914
Rand = 0.23633555083887317

Protótipos
[ 692 1717 1743]
[ 692 1717 1743]
[1773 1717 1605]
[ 692 1717 1743]
[ 692 1919 1918]
[ 692 1919 1890]
[ 692 1717 1918]
[ 692 1919 1918]
[ 692 1717 1605]
[ 692 1919 1918]

Pesos
[1.06359488 0.87035898 1.08025266]
[1.06359489 0.87035898 1.08025266]
[1.06702888 0.86743237 1.08040901]
[1.06359489 0.87035898 1.08025266]
[1.06486219 0.86796673 1.08194084]
[1.06290121 0.86858913 1.08316024]
[1.06699181 0.86706994 1.08089818]
[1.0648622  0.86796672 1.08194084]
[1.06744761 0.87054358 1.07612548]
[1.06486221 0.86796672 1.08194084]

