J = 1241.2491335385469
Rand = 0.25281515208649435

Protótipos
[ 692 1717 1743]
[ 566 1919 1890]
[ 692 1717 1743]
[ 692 1919 1890]
[ 692 1717 1918]
[ 692 1717 1743]
[ 692 1919 1918]
[ 692 1717 1918]
[ 692 1919 1918]
[1784 1611 1636]

Pesos
[1.06385839 0.87079772 1.07944096]
[1.06067116 0.86957109 1.08421184]
[1.06385839 0.87079772 1.07944096]
[1.06430403 0.87040547 1.07947523]
[1.06694461 0.86726572 1.08070198]
[1.06385856 0.87079763 1.07944091]
[1.0645709  0.86851031 1.08155953]
[1.06694461 0.86726571 1.08070198]
[1.0645709  0.86851031 1.08155953]
[1.08476675 0.85157967 1.08252604]

