J = 1240.9753131170708
Rand = 0.22429762075537416

Protótipos
[ 692 1717 1743]
[ 692 1717 1918]
[ 692 1717 1918]
[1784 1717  168]
[ 692 1717 1743]
[ 692 1717 1918]
[ 692 1919 1890]
[ 692 1919 1918]
[ 554 1717 1743]
[ 692  349 1918]

Pesos
[1.06381958 0.87104774 1.0791705 ]
[1.06692993 0.86760868 1.08028965]
[1.06692993 0.86760868 1.08028965]
[1.07730818 0.85206315 1.08940223]
[1.06381958 0.87104774 1.0791705 ]
[1.06692993 0.86760868 1.08028965]
[1.06163472 0.86996722 1.08273456]
[1.06392569 0.86988743 1.08050219]
[1.06416754 0.86932482 1.08095575]
[1.06445861 0.86753121 1.0828944 ]

