J = 1240.7484742937395
Rand = 0.21734040496164997

Protótipos
[ 692 1919 1918]
[ 692 1919 1918]
[1784 1717  168]
[ 692 1919 1918]
[ 692 1919 1918]
[1784 1611 1743]
[ 692 1717 1918]
[ 692 1717 1743]
[ 692 1919 1918]
[ 692 1717 1918]

Pesos
[1.06458976 0.87034056 1.079266  ]
[1.06458976 0.87034056 1.079266  ]
[1.07527959 0.85364874 1.08943015]
[1.06458976 0.87034056 1.079266  ]
[1.06458976 0.87034056 1.079266  ]
[1.07638883 0.86029213 1.07990329]
[1.06704633 0.86888914 1.07857998]
[1.06335808 0.87170396 1.0788261 ]
[1.06458976 0.87034055 1.079266  ]
[1.06704632 0.86888914 1.07857999]

