J = 1242.0832282029166
Rand = 0.2946324446206383

Protótipos
[ 692 1919 1890]
[ 692 1717 1918]
[ 692 1919 1918]
[ 692 1717 1918]
[1784 1611 1636]
[ 692 1919 1918]
[ 692 1717 1743]
[ 692 1919 1890]
[1784 1717 1636]
[1784 1717 1689]

Pesos
[1.06162591 0.87148205 1.08086149]
[1.06694278 0.86760477 1.0802815 ]
[1.06347344 0.87070969 1.07994087]
[1.06694278 0.86760477 1.0802815 ]
[1.07817034 0.85657069 1.0828029 ]
[1.06347349 0.87070965 1.07994086]
[1.0645669  0.87172982 1.07756913]
[1.06162591 0.87148205 1.08086149]
[1.07010189 0.8619199  1.08419641]
[1.07036348 0.86454002 1.0806464 ]

