J = 1242.0131202834698
Rand = 0.2719570964284563

Protótipos
[ 566 1919 1890]
[ 692 1717 1743]
[ 692 1717 1918]
[ 692 1919 1890]
[1784 1611 1636]
[1784 1611 1743]
[ 692 1919 1918]
[ 692 1717 1743]
[ 554 1717 1743]
[ 692 1919 1918]

Pesos
[1.05983892 0.86970689 1.0848938 ]
[1.06529597 0.87138688 1.07725545]
[1.06689791 0.86644335 1.08177506]
[1.06272998 0.87096683 1.0803773 ]
[1.08061479 0.85397728 1.08363438]
[1.07620065 0.85977866 1.08073717]
[1.06352978 0.86936249 1.08155709]
[1.06529594 0.8713869  1.07725546]
[1.06269929 0.87103609 1.0803226 ]
[1.06352978 0.86936249 1.08155709]

