J = 1244.9682904352894
Rand = 0.3074082308594414

Protótipos
[ 692 1717 1743]
[ 692 1919 1918]
[1784 1611 1636]
[1784 1717 1689]
[1891 1890 1890]
[ 692 1717 1743]
[ 554 1717 1605]
[ 692  349 1918]
[ 566 1919 1890]
[ 554 1717  168]

Pesos
[1.0659983  0.87059459 1.07752541]
[1.06417753 0.86877575 1.08162875]
[1.08118757 0.85453709 1.08235078]
[1.07348475 0.86223468 1.08038522]
[1.04182497 0.8548969  1.1227718 ]
[1.06599823 0.87059463 1.07752544]
[1.06721606 0.8694327  1.07773424]
[1.06402079 0.8674758  1.0834092 ]
[1.06042772 0.87216354 1.08123725]
[1.0661372  0.86712001 1.08170216]

