J = 1241.2480586485829
Rand = 0.24369348864678508

Protótipos
[ 692 1717 1918]
[1784 1717  168]
[1784 1717  168]
[ 692 1919 1918]
[ 460 1919 1605]
[ 692 1919 1918]
[ 692 1717 1743]
[ 692 1919 1918]
[ 692 1717 1743]
[ 692 1919 1918]

Pesos
[1.0668815  0.86743735 1.08055207]
[1.07531971 0.85483185 1.08788176]
[1.07531971 0.85483185 1.08788176]
[1.0642398  0.86917661 1.08106666]
[1.06926234 0.87225057 1.0721967 ]
[1.06423981 0.8691766  1.08106666]
[1.06388648 0.87100219 1.07915907]
[1.06423981 0.8691766  1.08106666]
[1.06388648 0.87100219 1.07915906]
[1.06423981 0.8691766  1.08106666]

