J = 1241.0316853649283
Rand = 0.27932790713413114

Protótipos
[ 692 1919 1918]
[1784 1611  168]
[ 692 1717 1743]
[ 692 1919 1918]
[ 692 1717 1918]
[ 692 1717 1743]
[ 692 1717 1918]
[1784 1611 1743]
[ 566 1919 1890]
[ 692 1919 1918]

Pesos
[1.06366266 0.87017838 1.08040802]
[1.08249809 0.84902684 1.08805649]
[1.0639976  0.87162093 1.07828038]
[1.0636626  0.87017841 1.08040804]
[1.0667104  0.86777451 1.08030548]
[1.06399747 0.871621   1.07828043]
[1.0667104  0.86777451 1.08030548]
[1.07591816 0.8599232  1.08083922]
[1.05984254 0.86883425 1.08597972]
[1.06366264 0.87017838 1.08040804]

