J = 1241.3277270328838
Rand = 0.2618802235920112

Protótipos
[ 554 1717 1743]
[ 692 1919 1918]
[ 692 1717 1743]
[ 692 1717 1605]
[ 692 1717 1890]
[ 692 1717 1918]
[ 692 1919 1918]
[ 692 1717  168]
[ 692 1919 1918]
[ 692 1717 1918]

Pesos
[1.06472568 0.86819203 1.08179876]
[1.0643552  0.86864137 1.0816155 ]
[1.06317546 0.87048596 1.08052118]
[1.06698207 0.87058825 1.07653977]
[1.06637566 0.86742888 1.08107519]
[1.06671537 0.86739813 1.08076922]
[1.06435518 0.86864138 1.0816155 ]
[1.06333184 0.86943005 1.08167436]
[1.06435523 0.86864135 1.0816155 ]
[1.06671535 0.86739814 1.08076922]

