J = 1241.0058247005002
Rand = 0.2635987800191505

Protótipos
[ 692 1717 1743]
[ 692 1717 1890]
[ 692 1919 1918]
[ 692 1919 1918]
[ 692 1919 1918]
[ 692 1717 1743]
[ 692 1919 1918]
[ 692 1919 1918]
[1784 1611  168]
[1784 1611 1743]

Pesos
[1.06383708 0.87193412 1.07805571]
[1.06564029 0.86773572 1.08143867]
[1.06398754 0.87021029 1.08003852]
[1.06398757 0.87021027 1.08003852]
[1.06398754 0.87021029 1.08003852]
[1.06383709 0.87193411 1.07805571]
[1.06398757 0.87021027 1.08003852]
[1.06398755 0.87021028 1.08003852]
[1.08253103 0.84915817 1.08785511]
[1.0760563  0.8602304  1.08031453]

