J = 1241.4530830029948
Rand = 0.24042358504436764

Protótipos
[ 692 1919 1918]
[ 692 1717 1743]
[ 566 1919 1890]
[ 692 1919 1918]
[1784 1717  168]
[1784 1717 1636]
[ 692 1919 1918]
[ 692 1717 1743]
[ 692 1717 1890]
[ 692 1717 1918]

Pesos
[1.06443385 0.8690011  1.08108787]
[1.06409671 0.87080095 1.07919519]
[1.06054442 0.86960549 1.08429852]
[1.06443385 0.8690011  1.08108787]
[1.07681866 0.85318584 1.0884633 ]
[1.07471269 0.85767206 1.08489163]
[1.06443385 0.8690011  1.08108787]
[1.06409658 0.87080103 1.07919524]
[1.06789038 0.86841703 1.07831338]
[1.06712764 0.86720183 1.08059622]

