J = 1240.8476504974783
Rand = 0.2334341449184045

Protótipos
[ 692 1717 1890]
[ 692 1919 1918]
[ 692 1919 1918]
[ 692 1919 1918]
[1784 1611  168]
[ 692 1717 1743]
[ 692 1919 1918]
[ 692 1717 1743]
[1784 1611  168]
[ 692 1717 1918]

Pesos
[1.06532725 0.86757038 1.08196261]
[1.06333455 0.87092134 1.07981944]
[1.06333453 0.87092136 1.07981944]
[1.0633345  0.87092138 1.07981944]
[1.08123778 0.85136375 1.08633465]
[1.06374892 0.8719221  1.07815991]
[1.06333457 0.87092133 1.07981943]
[1.06374894 0.87192209 1.07815991]
[1.08123771 0.8513638  1.08633465]
[1.06656399 0.86819074 1.0799358 ]

