J = 1240.6743339944237
Rand = 0.18533753360358476

Protótipos
[ 692 1919 1918]
[ 692 1919 1918]
[ 554 1717 1743]
[ 692 1919 1918]
[ 554 1717 1743]
[ 692 1919 1918]
[1784 1717  168]
[ 692 1717 1918]
[ 692 1919 1918]
[ 692 1717 1743]

Pesos
[1.06481135 0.86897802 1.08073332]
[1.06481135 0.86897802 1.08073332]
[1.06370674 0.86958128 1.08110508]
[1.06481135 0.86897802 1.08073332]
[1.06370673 0.86958128 1.08110508]
[1.06481135 0.86897802 1.08073332]
[1.07717209 0.8521224  1.08946411]
[1.06720798 0.86762938 1.07998242]
[1.06481135 0.86897801 1.08073332]
[1.06410171 0.87102072 1.07891784]

