J = 1242.428536129873
Rand = 0.24386903009425354

Protótipos
[1784 1717 1689]
[ 692 1717 1743]
[ 692 1717 1918]
[ 692 1717 1918]
[ 692 1919 1890]
[ 692 1919 1918]
[1773 1717 1641]
[1773 1717 1641]
[ 692 1919 1918]
[ 566 1919 1890]

Pesos
[1.07554167 0.86061033 1.08035429]
[1.06438616 0.87038401 1.07941855]
[1.06744016 0.86675625 1.0808352 ]
[1.06744016 0.86675625 1.0808352 ]
[1.06355297 0.87013762 1.08057006]
[1.06472356 0.86862721 1.08125892]
[1.06285838 0.86852149 1.08328824]
[1.06285838 0.86852149 1.08328824]
[1.06472357 0.86862721 1.08125892]
[1.0606332  0.86899781 1.08496593]

