J = 1242.118233539327
Rand = 0.2844366638910918

Protótipos
[ 566 1919 1890]
[ 566 1919 1890]
[ 692 1717 1743]
[1784 1717  168]
[ 692 1717 1743]
[ 692  349 1918]
[1784 1717  168]
[1784 1611  168]
[ 692 1919 1918]
[ 692 1919 1918]

Pesos
[1.0587384  0.8708609  1.08458238]
[1.05873839 0.8708609  1.08458239]
[1.06447291 0.87119661 1.07832385]
[1.07314137 0.85813119 1.08589886]
[1.06447291 0.87119661 1.07832385]
[1.06353501 0.86822158 1.08297301]
[1.07314136 0.85813119 1.08589886]
[1.08161577 0.85244876 1.08457279]
[1.06366603 0.8695841  1.08114295]
[1.06366603 0.8695841  1.08114295]

