J = 1241.2671746368765
Rand = 0.23784760847599015

Protótipos
[ 692 1717 1743]
[ 692 1919 1918]
[ 566 1919 1890]
[ 692 1919 1918]
[ 692 1717 1743]
[ 692 1717 1918]
[1784 1717  168]
[ 692 1919 1918]
[ 692 1717 1743]
[1773 1717 1605]

Pesos
[1.06427141 0.8704924  1.07940051]
[1.06457551 0.86850322 1.08156369]
[1.06000075 0.8680183  1.08683833]
[1.06457548 0.86850324 1.08156369]
[1.06427161 0.8704923  1.07940044]
[1.06721904 0.86676129 1.08105285]
[1.07745232 0.8520962  1.08921423]
[1.06457548 0.86850324 1.08156369]
[1.06427147 0.87049237 1.07940049]
[1.06451859 0.8689546  1.08105966]

