J = 1241.7435716418192
Rand = 0.23795414485975208

Protótipos
[ 692 1717 1918]
[ 692 1919 1890]
[ 692 1717 1743]
[1784 1717 1636]
[ 692 1717 1890]
[ 554 1717 1743]
[ 692 1717 1605]
[ 692 1919 1918]
[ 692 1717 1918]
[ 692  349 1918]

Pesos
[1.06671724 0.86731835 1.08086673]
[1.06278631 0.87058998 1.08078767]
[1.06369863 0.87089086 1.07948762]
[1.0761633  0.85604232 1.0854919 ]
[1.0671594  0.86808492 1.07946482]
[1.06409046 0.86913813 1.08126625]
[1.06727874 0.87086177 1.07590249]
[1.06382358 0.86940899 1.08120056]
[1.06671724 0.86731835 1.08086673]
[1.06431312 0.86711561 1.08356153]

