J = 1242.4908164977535
Rand = 0.2689082804684177

Protótipos
[1773 1717 1641]
[ 692 1717 1918]
[ 692 1919 1890]
[ 692 1919 1890]
[ 554 1717  168]
[1784 1717 1641]
[ 554 1717 1605]
[ 692  349 1918]
[ 692 1717 1918]
[ 692 1919 1918]

Pesos
[1.06184845 0.86938161 1.0832458 ]
[1.06695182 0.86689267 1.08115973]
[1.0622191  0.87027795 1.08175252]
[1.0622191  0.87027795 1.08175252]
[1.06576581 0.86647864 1.08288006]
[1.07126775 0.86293078 1.08174777]
[1.06728672 0.86924745 1.07789254]
[1.06398389 0.86758332 1.0833125 ]
[1.06695182 0.86689267 1.08115973]
[1.06390184 0.86928395 1.08127654]

