J = 1241.3047479852514
Rand = 0.2356095336910635

Protótipos
[ 692 1717 1743]
[ 692 1717 1918]
[ 692  349 1918]
[ 554 1717 1743]
[ 692 1919 1918]
[ 566 1919 1890]
[ 692 1919 1918]
[ 554 1717 1743]
[1784 1717  168]
[ 692 1717 1743]

Pesos
[1.06464066 0.87070497 1.07876271]
[1.06706968 0.86658498 1.08142414]
[1.06443173 0.86673936 1.08391112]
[1.06338767 0.86965209 1.08134141]
[1.06420025 0.86865592 1.08175488]
[1.05954402 0.86805677 1.08725865]
[1.06420025 0.86865592 1.08175488]
[1.06338767 0.86965209 1.08134141]
[1.07758693 0.85190845 1.0893182 ]
[1.06464066 0.87070497 1.07876271]

