J = 1242.172008245065
Rand = 0.2275156905459489

Protótipos
[ 692 1919 1918]
[ 692 1717 1743]
[ 692 1717 1918]
[ 692 1919 1918]
[ 692 1717 1890]
[1784 1717  168]
[ 554 1717 1743]
[ 692 1717 1743]
[1773 1717 1641]
[ 566  349 1890]

Pesos
[1.06398753 0.86886827 1.08170672]
[1.06504983 0.87048382 1.07862224]
[1.06729096 0.86607098 1.08184161]
[1.06398753 0.86886827 1.08170672]
[1.0678869  0.86726578 1.0797483 ]
[1.07642487 0.85330553 1.08870876]
[1.06349445 0.86959283 1.08130651]
[1.06504983 0.87048382 1.07862224]
[1.06271409 0.86866942 1.08325083]
[1.06083902 0.86816351 1.08579788]

