J = 1242.5705143097007
Rand = 0.3091252523154523

Protótipos
[ 692 1717 1918]
[ 692 1919 1890]
[ 692 1919 1918]
[ 692 1919 1918]
[ 692 1717 1918]
[ 460 1717 1605]
[1784 1717 1743]
[ 692 1919 1918]
[ 692 1919 1918]
[1798   57   25]

Pesos
[1.0662081  0.86856084 1.07983594]
[1.06060019 0.8711654  1.08230005]
[1.06316355 0.8709693  1.07993365]
[1.06316356 0.87096929 1.07993365]
[1.0662081  0.86856084 1.07983594]
[1.06769373 0.87173225 1.07441038]
[1.06452736 0.86642123 1.08421169]
[1.06316356 0.87096929 1.07993365]
[1.06316356 0.87096929 1.07993365]
[1.10509063 0.8216734  1.101293  ]

