J = 1240.9701554881124
Rand = 0.2545270743510845

Protótipos
[ 692 1717 1918]
[ 554 1717  168]
[ 554 1717 1743]
[ 692 1717 1918]
[ 554 1717 1605]
[ 692 1717 1918]
[ 692 1919 1918]
[ 692 1919 1918]
[ 692 1919 1918]
[ 692 1919 1918]

Pesos
[1.06676142 0.86777631 1.08025159]
[1.06564902 0.8645887  1.08536611]
[1.06322482 0.86893807 1.08239573]
[1.06676142 0.86777631 1.08025159]
[1.06802872 0.86838573 1.07821257]
[1.06676141 0.86777631 1.08025159]
[1.06446536 0.86893457 1.08113864]
[1.06446536 0.86893457 1.08113864]
[1.06446537 0.86893457 1.08113864]
[1.06446536 0.86893457 1.08113864]

