J = 1241.3445855010889
Rand = 0.16437973609588033

Protótipos
[ 692 1717 1743]
[ 692 1717 1743]
[ 692 1717 1743]
[ 692 1717 1918]
[ 692 1717 1918]
[ 692 1919 1918]
[ 692 1717 1743]
[ 460 1717 1605]
[ 692 1717 1605]
[ 692 1717 1918]

Pesos
[1.06414573 0.87021621 1.07987063]
[1.06414575 0.87021619 1.07987062]
[1.06414574 0.8702162  1.07987062]
[1.06666702 0.86610528 1.08243157]
[1.06666703 0.86610527 1.08243156]
[1.06345835 0.8687013  1.08245298]
[1.06414575 0.87021619 1.07987062]
[1.06720124 0.87034435 1.0766203 ]
[1.06791095 0.87033422 1.07591732]
[1.06666705 0.86610526 1.08243156]

