J = 1240.8998093805606
Rand = 0.2843871469138897

Protótipos
[ 692 1717 1918]
[ 554 1717 1605]
[ 692 1919 1890]
[ 692 1919 1918]
[ 554 1717 1743]
[1784 1611  168]
[ 692 1919 1918]
[ 692 1919 1918]
[ 692 1919 1918]
[ 692 1717 1743]

Pesos
[1.06654672 0.86761312 1.08067227]
[1.0673419  0.86925355 1.07782925]
[1.06146422 0.86933597 1.08369481]
[1.06402834 0.86915685 1.08130609]
[1.06275878 0.86999083 1.08156002]
[1.08401769 0.84845603 1.08726221]
[1.06402834 0.86915685 1.08130609]
[1.06402834 0.86915685 1.08130609]
[1.06402833 0.86915685 1.08130609]
[1.06361265 0.87122998 1.07915468]

