J = 1240.7757854400347
Rand = 0.2098476474792175

Protótipos
[ 692 1717 1918]
[ 692 1919 1918]
[1784 1717  168]
[ 692 1717 1918]
[ 692 1919 1890]
[ 692 1717 1743]
[ 692 1717 1918]
[ 692 1717 1918]
[ 554 1717 1743]
[ 692 1717 1918]

Pesos
[1.06685086 0.86776354 1.08017691]
[1.06369656 0.87029121 1.08023352]
[1.07652293 0.85261949 1.0894855 ]
[1.06685087 0.86776354 1.08017691]
[1.0612605  0.87029507 1.08270832]
[1.06350188 0.87099381 1.0795597 ]
[1.06685087 0.86776354 1.08017691]
[1.06685086 0.86776354 1.08017691]
[1.06392855 0.86922788 1.08131914]
[1.06685086 0.86776354 1.08017691]

