J = 1241.8725122679853
Rand = 0.25768613832796133

Protótipos
[ 692 1717 1743]
[1784 1717 1743]
[ 692 1919 1890]
[ 554 1717 1743]
[ 692 1717 1743]
[ 692 1717 1918]
[ 692 1919 1918]
[ 692 1919 1918]
[ 692 1717 1890]
[ 554 1717  168]

Pesos
[1.06493339 0.87073392 1.07843034]
[1.06965018 0.86370344 1.08241445]
[1.06269682 0.87014792 1.0814278 ]
[1.06321176 0.86991358 1.08119522]
[1.06493335 0.87073393 1.07843035]
[1.06695354 0.86618407 1.08204245]
[1.06374499 0.86882174 1.08201129]
[1.06374501 0.86882173 1.08201128]
[1.06735439 0.86709258 1.08050278]
[1.0656518  0.86566795 1.08401013]

