J = 1242.0303247947672
Rand = 0.24724265675479576

Protótipos
[ 554 1717 1743]
[ 692 1919 1890]
[ 554 1717 1743]
[ 692 1717 1918]
[ 692 1717 1918]
[1784 1717  168]
[ 692  349 1890]
[1784 1717 1743]
[ 692 1717 1918]
[ 692 1919 1918]

Pesos
[1.06239345 0.87067264 1.08108469]
[1.06173589 0.87101156 1.08133332]
[1.06239348 0.87067262 1.08108468]
[1.06690669 0.86696332 1.08111735]
[1.06690669 0.86696332 1.08111735]
[1.07395283 0.85509285 1.0889339 ]
[1.06249739 0.86949142 1.08244746]
[1.06658406 0.86540619 1.08339022]
[1.06690669 0.86696332 1.08111736]
[1.06331485 0.87022198 1.08070727]

