J = 1243.1338434172794
Rand = 0.2936193975307671

Protótipos
[ 692 1919 1918]
[ 566 1919 1890]
[ 692 1919 1918]
[ 692 1717 1918]
[ 692 1919 1890]
[ 692 1919 1918]
[ 566 1919 1890]
[1798 1611   25]
[ 554 1717 1605]
[1784 1611 1743]

Pesos
[1.06388063 0.86881556 1.08188103]
[1.05872166 0.87179702 1.0834349 ]
[1.06388063 0.86881557 1.08188103]
[1.06634037 0.86739625 1.08115163]
[1.06455047 0.87175802 1.07755091]
[1.06388063 0.86881556 1.08188103]
[1.05872166 0.87179702 1.0834349 ]
[1.09332421 0.84064237 1.08802721]
[1.06683256 0.8698551  1.07759812]
[1.07659311 0.85943239 1.08077847]

