J = 1241.4171593370213
Rand = 0.2612057725342443

Protótipos
[ 692 1717 1918]
[ 692 1919 1890]
[ 554 1717 1743]
[ 692 1919 1918]
[ 692 1717 1743]
[ 692 1717 1890]
[1784 1717  168]
[ 692 1919 1918]
[ 692 1919 1918]
[ 554 1717 1605]

Pesos
[1.06657183 0.86707197 1.08132126]
[1.06272527 0.87004112 1.08153159]
[1.06305348 0.86944415 1.08194004]
[1.06394273 0.86877572 1.0818675 ]
[1.0636887  0.8707972  1.07961381]
[1.06689906 0.86786989 1.07999575]
[1.07735801 0.85211179 1.08928966]
[1.06394273 0.86877572 1.0818675 ]
[1.06394273 0.86877572 1.0818675 ]
[1.06760683 0.86871583 1.07822878]

