J = 1241.1907365364586
Rand = 0.2245654015818686

Protótipos
[ 692 1717 1605]
[ 554 1717 1743]
[ 692 1717 1743]
[ 692 1717 1743]
[ 692 1717 1605]
[ 692 1919 1918]
[ 692 1919 1918]
[ 692 1919 1890]
[ 692 1717 1918]
[ 692 1717 1918]

Pesos
[1.06732659 0.8705165  1.07628097]
[1.0645618  0.86832262 1.08180257]
[1.06354366 0.8703836  1.08027413]
[1.06354364 0.87038361 1.08027414]
[1.06732658 0.87051651 1.07628098]
[1.06417282 0.86820305 1.08234704]
[1.06417282 0.86820304 1.08234704]
[1.06237406 0.86884479 1.08337882]
[1.06662062 0.86682242 1.08158309]
[1.06662065 0.8668224  1.08158308]

