J = 1241.3514731180649
Rand = 0.22664722954926078

Protótipos
[ 460 1919 1605]
[1784 1717 1636]
[ 692 1717 1918]
[ 692 1919 1918]
[ 692 1717 1743]
[ 692 1717 1743]
[ 692 1717 1743]
[ 692 1717 1743]
[ 692 1717 1918]
[ 692 1919 1918]

Pesos
[1.06925895 0.8719248  1.0726007 ]
[1.07575681 0.85648372 1.08534244]
[1.06717846 0.86628089 1.08169348]
[1.06415323 0.8686128  1.08185637]
[1.06487586 0.87054129 1.07872723]
[1.06487584 0.87054131 1.07872724]
[1.06487587 0.87054129 1.07872723]
[1.06487587 0.87054129 1.07872723]
[1.06717846 0.8662809  1.08169348]
[1.06415324 0.8686128  1.08185637]

