J = 1241.5638062634605
Rand = 0.2719772010279597

Protótipos
[ 692 1919 1918]
[ 566 1919 1890]
[1784 1611 1636]
[ 554 1717 1605]
[ 692 1919 1918]
[ 692 1717 1918]
[ 692 1919 1890]
[ 692 1919 1918]
[ 692 1717 1743]
[1784 1717  168]

Pesos
[1.06396416 0.86908331 1.08146282]
[1.05938565 0.86976896 1.08528052]
[1.08046728 0.85451186 1.08310431]
[1.06718096 0.869452   1.07774575]
[1.06396416 0.86908331 1.08146282]
[1.06668034 0.86723322 1.08101024]
[1.06299874 0.87069741 1.08043837]
[1.06396416 0.86908331 1.08146282]
[1.06393958 0.87110446 1.07897852]
[1.07514449 0.85459711 1.08835792]

