J = 1241.9397220057137
Rand = 0.2617085745265272

Protótipos
[ 692 1717 1743]
[1784 1717  168]
[ 692 1717 1890]
[ 692 1919 1890]
[ 692 1717 1918]
[ 692 1919 1918]
[ 692 1717 1605]
[1784 1717 1641]
[ 554 1717 1743]
[ 692 1919 1918]

Pesos
[1.06461596 0.8709517  1.07848214]
[1.07408881 0.85512551 1.08875446]
[1.06673444 0.86719449 1.08100367]
[1.06184806 0.87066898 1.08164451]
[1.06676846 0.86648975 1.08184839]
[1.06331997 0.86954809 1.0815396 ]
[1.06838316 0.87102235 1.07459216]
[1.06972622 0.86373966 1.08229212]
[1.0623458  0.87036257 1.08151834]
[1.06331997 0.86954809 1.0815396 ]

