J = 1241.5992295896024
Rand = 0.2941328213593586

Protótipos
[ 692 1919 1918]
[ 692 1919 1890]
[ 692 1717 1743]
[ 692 1717 1743]
[ 554 1717 1605]
[ 692 1717 1890]
[ 692 1919 1918]
[ 692 1717 1918]
[1784 1717 1743]
[ 692 1919 1918]

Pesos
[1.06444872 0.86840597 1.08181365]
[1.06346509 0.86978056 1.08110298]
[1.06354542 0.87072816 1.07984486]
[1.0635453  0.87072823 1.0798449 ]
[1.06887537 0.86770154 1.07820802]
[1.06732364 0.86818444 1.07917499]
[1.06444874 0.86840596 1.08181364]
[1.0667239  0.86729028 1.08089497]
[1.07297673 0.86156533 1.0817365 ]
[1.06444873 0.86840596 1.08181364]

